 0.02193  0.75917  1
 0.50560  0.41971 -1
 0.55395  1.16852  1
 1.94039  0.34140 -1
-0.03944  0.72379  1
 0.52599  0.60804 -1
 0.28473  0.44509  1
 1.30965  0.20608 -1
 0.25273  0.67840  1
 0.71856 -0.09767 -1
 0.31383  1.35472  1
 1.45903 -0.60468 -1
 0.74968  0.72544  1
 1.59613  0.22154 -1
-0.10335  0.99763  1
 1.02344 -0.05236 -1
 0.38225  1.09086  1
 1.33809  0.35546 -1
-0.68228  1.43672  1
 0.59759 -0.29296 -1
-0.46521  1.02633  1
 1.04130  0.66463 -1
-0.24076  0.71585  1
 1.07004 -0.39936 -1
 0.34357  0.71408  1
 0.94610 -0.43860 -1
-0.01121  0.60814  1
 1.22956 -0.36279 -1
-0.53798  0.69872  1
 0.45689  0.18759 -1
-0.82292  1.43543  1
 0.60093 -0.09827 -1
 0.08254  1.01948  1
 1.05124 -0.19942 -1
 0.35360  0.83355  1
 1.22315 -0.46918 -1
-0.21582  0.55335  1
 1.48365 -0.34514 -1
 0.09005  1.18983  1
 0.82602  0.78355 -1
-0.19078  1.00218  1
 0.69668 -0.26967 -1
-0.30403  0.76139  1
 0.90930 -0.22657 -1
-0.64095  1.32803  1
 0.58297 -0.28714 -1
-0.09586  1.29012  1
 0.67422  0.48754 -1
 0.05948  1.48366  1
 0.46497 -0.19548 -1
 0.34103  1.00265  1
 0.69351  0.10722 -1
 0.08755  1.12615  1
 0.59870 -0.55302 -1
 0.40835  0.92802  1
 0.90887  0.06568 -1
 0.16168  1.35569  1
 1.34360  0.32199 -1
 0.35643  0.74614  1
 0.91946  0.06376 -1
 0.10465  1.34927  1
 1.50588  0.88871 -1
 0.18997  1.50084  1
 1.61225  0.38663 -1
-0.00692  1.20073  1
 0.90698  0.49398 -1
-0.13008  1.58227  1
 1.16331  0.47941 -1
-0.34950  0.86285  1
 0.73240 -0.02001 -1
-0.16866 -0.12839  1
 1.10232 -0.19485 -1
 0.43465  1.39316  1
 0.84950 -0.41234 -1
-0.02822  0.51698  1
 1.12264  0.14937 -1
 0.33478  0.50658  1
 1.13620  0.55419 -1
 0.66183  1.24049  1
 0.14490  0.51652 -1
-0.46398  1.52208  1
 1.25832  0.29183 -1
-0.25022  0.49861  1
 0.33712  0.71289 -1
-0.18117  1.65158  1
 1.60960  0.34776 -1
 0.21909  2.05009  1
 0.78434  0.84932 -1
-0.34111  1.59906  1
 1.15552  0.20009 -1
 0.49356  0.28320  1
 1.38621 -0.23733 -1
 0.06452  1.23195  1
 1.48293  0.34529 -1
-0.36895  0.64560  1
 0.61604  0.41413 -1
-0.51714  0.32709  1
 0.52469  0.38664 -1
-0.25443  1.21349  1
 1.21503  0.12536 -1